1611
4527
7533
398
48
9881
5163
8235
5721
372
6303
9183
4340
8608
3509
69
4650
6625
886
5248
9890
6780
550
4004
1761
3717
5936
9723
2111
2584
732
6330
2734
8650
5752
1778
696
9775
9524
6249
5584
8548
4331
2584
2786
545
2050
3861
1506
8740
4321
9947
8453
296
9210
5339
827
3184
4564
6097
9252
9970
3929
6266
3719
1737
8422
2102
8375
9827
8495
4101
6398
8314
1750
996
6713
5023
9273
6177
2797
3445
6779
3117
2528
6016
5271
95
66
3442
1192
5626
6050
2467
4407
5441
7297
2265
3420
3856
4850
8867
2366
8321
1900
4777
5897
5962
684
8218
1172
5317
968
4872
4772
6057
5766
4253
7506
8970
437
1451
9623
941
3160
8373
6282
6316
4607
894
69
1987
8269
6109
1347
3942
7506
188
2468
5592
1890
8525
6594
8712
2850
6431
953
4080
8656
9395
2566
4089
5163
6624
5043
7928
681
4050
7267
9708
6306
1923
2240
7373
4023
6666
5561
9375
5664
5259
7787
9119
6883
5825
36
1491
9041
7836
8878
1097
2851
3798
3199
3963
4284
7085
6808
2189
9273
2804
7754
8858
5495
5197
5645
90
6507
515
7494
3518
3100
9931
3548
3951
6254
2971
4557
1652
3535
3302
9479
2324
2931
6315
8449
2137
8874
6008
6014
7367
8947
8230
9355
6278
8078
8444
5844
4436
9000
7993
3346
2019
8680
7849
973
6818
1558
8606
4886
1115
2341
7969
8150
906
9762
7070
7303
2628
9459
7260
3384
5918
5359
1975
906
3730
2416
3477
6288
9207
3201
6303
2936
3498
5489
975
2931
736
3155
6868
1494
2191
649
4515
8497
2676
4715
9494
9330
9238
8443
1105
6165
4691
9025
8646
9080
5347
9412
5546
2973
9731
3371
1178
2820
11
4239
8496
687
7136
9738
1472
2827
1829
3724
9013
6818
2312
162
9147
7411
2260
7709
6927
9484
2213
4982
4335
675
7583
6625
5495
1335
3424
7136
389
42
7130
4130
295
4989
7963
2818
4801
348
9852
2780
6403
7772
5851
4697
1370
3727
8048
1647
7488
6470
1834
4942
9885
5757
3221
741
6459
5773
3605
7510
9546
2735
2389
4701
5479
5503
290
227
3776
2425
3001
5919
6746
9640
4229
4703
263
5389
7016
7835
8276
1617
1628
2826
485
63
122
6805
9325
3396
7432
6704
4184
3664
5619
3242
9517
2753
726
5041
8227
5670
816
1626
8447
3220
3134
6712
5599
9952
543
7887
1962
6249
3714
7306
7019
3478
8831
8509
4732
859
4632
8526
6394
4689
7989
7089
5122
6117
3918
4556
1335
6468
6586
3952
2647
7625
7871
1752
4674
7363
8526
3212
9458
8672
571
6511
8257
3895
8223
1524
2994
2097
4951
8428
6345
6744
3151
3606
3161
8719
6890
3939
5692
4961
3588
8610
4536
8798
1670
8927
955
1813
552
2669
1233
3404
4931
191
2408
8759
7436
7441
7287
1772
4996
1571
9425
5307
9732
4246
3728
7339
6389
8418
8339
3348
9555
6971
1796
4828
6549
